1486777578043983
161636544422079
116641492355259
283243942195803
131752617518144
280231209164288
1984225185168247
1007649446059757
127823334570169
1139325812867690
198386160733059
1524625594270144
268365467018736
129559574388121
215459732326658
1994657670791675
520954601618390
297501004071549
866156213540628
307590013058936
118029995636275
352467361825447
291713608005887
1463935480392012
310402169439368
397487787336885
1663024767070716
494011630980337
111190882931327
546732865667532
237200080147086
359412301190683
522419481471785
1566242583440801
369233850183067
127082511317736
136064857105110
345717299187948
1571590676262964
130708974278438
127444041364373
1702056423176650
1303739773059733
128010414528948
472818889777923
386773135093289
168446737067126
286459141860581
142592013134562
374776056292317
134387873870447
779358222271000
855321174645584
1749274838706980
183208765592170
394315727665074
1346076105519308
149384625816569
161708764568077
144111389673513
144288096198242
400208060394160
1994288684186968
128216131161342
141703709742661
367171787040689
717080125144810
136612453775420
491126337947254
399191167166578
347820062328217
1997399237201707
301367027046358
1806145619439952
164429860777995
534141046920358
114369056013355
495247987527915
1474818435941747
1996413367350480
1505862476177021
768497806692468
1871766483135964
1939981429601770
163844807527629
669692956751644
1827467874210633
1490381807745931
490968977969619
2149887625036940
1641241462615382
1724225011220002
145200889442286
129378521082836
196401224267543
1972393709695880
1957782534543163
151172035402737
142789549695547
530959330576430
154551621820804
132375930757249
1490704340966063
2012794179003073
155081755236302
218036568735612
1953778324889773
129216981131430
314398735693577
1457877137663819
147392642560004
1980434252226523
1960420060895840
177168159506846
1960880877493983
2143570135660488
457996887927653
381379948968299
162787934314771
928882470592836
501337670237424
1965058230433634
